0	file:/C:/Users/papacharlie/code/SteamyReviews/./data/reviews_2000_tokens/10	0.04691358024691358	0.007133058984910837	2.7434842249657066E-4	0.09492455418381344	0.0043895747599451305	0.005761316872427984	0.12098765432098765	0.011248285322359395	0.005761316872427984	0.005761316872427984	0.012620027434842248	0.19780521262002743	0.06337448559670782	0.007133058984910837	0.0016460905349794238	0.01673525377229081	0.003017832647462277	0.20329218106995883	0.003017832647462277	0.029080932784636488	0.145679012345679	2.7434842249657066E-4	0.0043895747599451305	0.0016460905349794238	0.007133058984910837
1	file:/C:/Users/papacharlie/code/SteamyReviews/./data/reviews_2000_tokens/10090	0.05645756457564576	1.845018450184502E-4	1.845018450184502E-4	0.1754612546125461	1.845018450184502E-4	0.028782287822878228	0.022324723247232472	0.015867158671586716	0.08228782287822879	0.023247232472324724	0.001107011070110701	0.281549815498155	0.043542435424354244	1.845018450184502E-4	0.0020295202952029523	0.03708487084870849	1.845018450184502E-4	0.12011070110701105	1.845018450184502E-4	0.001107011070110701	0.10535055350553506	1.845018450184502E-4	0.001107011070110701	0.001107011070110701	1.845018450184502E-4
2	file:/C:/Users/papacharlie/code/SteamyReviews/./data/reviews_2000_tokens/10150	2.4783147459727387E-4	0.001486988847583643	2.4783147459727387E-4	0.12664188351920694	2.4783147459727387E-4	0.0758364312267658	2.4783147459727387E-4	0.0076827757125154895	0.04733581164807931	0.008921933085501859	2.4783147459727387E-4	0.03494423791821561	0.17744733581164807	0.17744733581164807	0.00644361833952912	0.03246592317224287	0.003965303593556382	2.4783147459727387E-4	0.08946716232961587	0.017596034696406443	0.1043370508054523	2.4783147459727387E-4	2.4783147459727387E-4	2.4783147459727387E-4	0.08574969021065676
3	file:/C:/Users/papacharlie/code/SteamyReviews/./data/reviews_2000_tokens/10180	0.09778172138420586	1.774622892635315E-4	1.774622892635315E-4	0.11464063886424133	1.774622892635315E-4	0.046317657497781724	0.008163265306122448	1.774622892635315E-4	0.03034605146406389	0.0019520851818988466	1.774622892635315E-4	0.20780834072759538	0.13061224489795917	0.0019520851818988466	1.774622892635315E-4	1.774622892635315E-4	0.008163265306122448	0.14747116237799465	0.06317657497781722	1.774622892635315E-4	0.09157054125998225	1.774622892635315E-4	0.018811002661934337	0.029458740017746232	1.774622892635315E-4
4	file:/C:/Users/papacharlie/code/SteamyReviews/./data/reviews_2000_tokens/10220	0.010432569974554707	2.544529262086514E-4	0.018066157760814248	0.015521628498727735	2.544529262086514E-4	0.05241730279898219	0.04351145038167939	0.004071246819338422	0.09440203562340967	0.12366412213740459	0.0027989821882951657	0.029516539440203562	0.13384223918575064	0.014249363867684477	0.0015267175572519084	0.03333333333333333	2.544529262086514E-4	2.544529262086514E-4	0.0066157760814249365	0.049872773536895676	0.3412213740458015	0.0066157760814249365	2.544529262086514E-4	0.01679389312977099	2.544529262086514E-4
5	file:/C:/Users/papacharlie/code/SteamyReviews/./data/reviews_2000_tokens/102500	2.6595744680851064E-4	0.4377659574468085	2.6595744680851064E-4	0.06808510638297872	0.006914893617021277	0.04813829787234043	0.0015957446808510637	2.6595744680851064E-4	0.0175531914893617	0.00824468085106383	2.6595744680851064E-4	0.014893617021276595	0.1425531914893617	0.00824468085106383	2.6595744680851064E-4	2.6595744680851064E-4	2.6595744680851064E-4	0.0015957446808510637	0.05877659574468085	0.006914893617021277	0.1	2.6595744680851064E-4	2.6595744680851064E-4	0.0015957446808510637	0.0747340425531915
6	file:/C:/Users/papacharlie/code/SteamyReviews/./data/reviews_2000_tokens/102600	0.02246941045606229	0.2171301446051168	2.224694104560623E-4	0.08253615127919911	0.0525027808676307	0.0013348164627363737	2.224694104560623E-4	0.033592880978865404	0.11590656284760846	2.224694104560623E-4	2.224694104560623E-4	2.224694104560623E-4	0.16707452725250277	2.224694104560623E-4	2.224694104560623E-4	0.02246941045606229	2.224694104560623E-4	0.008008898776418243	0.18598442714126806	2.224694104560623E-4	0.07697441601779756	2.224694104560623E-4	2.224694104560623E-4	2.224694104560623E-4	0.011345939933259176
7	file:/C:/Users/papacharlie/code/SteamyReviews/./data/reviews_2000_tokens/102700	0.0026284348864994028	0.0014336917562724014	2.3894862604540026E-4	0.03249701314217443	2.3894862604540026E-4	2.3894862604540026E-4	0.02054958183990442	2.3894862604540026E-4	0.05758661887694146	0.007407407407407408	0.0026284348864994028	0.044444444444444446	0.09223416965352449	2.3894862604540026E-4	2.3894862604540026E-4	0.0014336917562724014	0.0026284348864994028	0.03130227001194743	2.3894862604540026E-4	0.09940262843488651	0.24755077658303462	2.3894862604540026E-4	0.018160095579450416	0.3359617682198327	2.3894862604540026E-4
8	file:/C:/Users/papacharlie/code/SteamyReviews/./data/reviews_2000_tokens/102820	0.022816901408450704	0.0495774647887324	0.007323943661971831	0.04112676056338028	0.1143661971830986	2.8169014084507044E-4	0.022816901408450704	0.011549295774647887	2.8169014084507044E-4	0.05521126760563381	0.003098591549295775	2.8169014084507044E-4	0.21577464788732392	0.043943661971830986	2.8169014084507044E-4	2.8169014084507044E-4	2.8169014084507044E-4	2.8169014084507044E-4	0.0016901408450704224	0.15380281690140846	0.24535211267605633	0.0016901408450704224	0.005915492957746479	0.0016901408450704224	2.8169014084507044E-4
9	file:/C:/Users/papacharlie/code/SteamyReviews/./data/reviews_2000_tokens/102840	0.013523809523809523	0.007809523809523809	1.9047619047619048E-4	0.08590476190476191	0.0030476190476190477	0.0030476190476190477	0.03066666666666667	1.9047619047619048E-4	0.15066666666666664	1.9047619047619048E-4	0.0011428571428571427	0.007809523809523809	0.21638095238095237	0.006857142857142858	0.010666666666666666	0.05066666666666667	0.019238095238095238	0.004	0.084	0.006857142857142858	0.06971428571428571	1.9047619047619048E-4	1.9047619047619048E-4	0.010666666666666666	0.21638095238095237
10	file:/C:/Users/papacharlie/code/SteamyReviews/./data/reviews_2000_tokens/104200	0.030327868852459014	2.73224043715847E-4	0.008469945355191258	0.11639344262295083	2.73224043715847E-4	0.003005464480874317	2.73224043715847E-4	0.022131147540983605	0.03989071038251366	2.73224043715847E-4	2.73224043715847E-4	2.73224043715847E-4	0.18333333333333332	0.001639344262295082	2.73224043715847E-4	2.73224043715847E-4	0.05081967213114755	2.73224043715847E-4	0.38825136612021854	0.0057377049180327875	0.10273224043715848	0.04398907103825137	2.73224043715847E-4	2.73224043715847E-4	2.73224043715847E-4
11	file:/C:/Users/papacharlie/code/SteamyReviews/./data/reviews_2000_tokens/104700	0.0032955715756951597	0.0032955715756951597	0.01565396498455201	0.05581874356333677	0.0032955715756951597	0.0043254376930998975	0.0032955715756951597	0.01565396498455201	0.05169927909371782	2.0597322348094748E-4	0.0032955715756951597	0.02698249227600412	0.12996910401647785	0.01771369721936148	0.0012358393408856848	0.020803295571575696	0.01771369721936148	0.4008238928939238	2.0597322348094748E-4	2.0597322348094748E-4	0.12893923789907313	2.0597322348094748E-4	0.052729145211122555	0.04243048403707518	2.0597322348094748E-4
12	file:/C:/Users/papacharlie/code/SteamyReviews/./data/reviews_2000_tokens/104900	0.021640903686087988	2.3781212841854935E-4	0.004994054696789536	0.0906064209274673	2.3781212841854935E-4	0.001426872770511296	0.016884661117717	2.3781212841854935E-4	0.16313912009512485	0.01807372175980975	0.001426872770511296	0.08347205707491083	0.17265160523186682	0.008561236623067776	0.0038049940546967895	0.031153388822829964	2.3781212841854935E-4	0.0727705112960761	0.034720570749108205	0.002615933412604043	0.12152199762187872	2.3781212841854935E-4	0.06325802615933412	0.08585017835909632	2.3781212841854935E-4
13	file:/C:/Users/papacharlie/code/SteamyReviews/./data/reviews_2000_tokens/10500	0.055823714585519414	2.0986358866736623E-4	0.0023084994753410286	0.07156348373557188	2.0986358866736623E-4	2.0986358866736623E-4	0.02329485834207765	0.08520461699895068	0.019097586568730323	0.4818467995802728	2.0986358866736623E-4	0.021196222455403986	0.1502623294858342	2.0986358866736623E-4	0.0012591815320041973	2.0986358866736623E-4	2.0986358866736623E-4	0.0065057712486883525	2.0986358866736623E-4	2.0986358866736623E-4	0.03798530954879329	2.0986358866736623E-4	0.03903462749213012	0.0023084994753410286	2.0986358866736623E-4
14	file:/C:/Users/papacharlie/code/SteamyReviews/./data/reviews_2000_tokens/105000	0.0013729977116704805	2.288329519450801E-4	0.021967963386727688	0.17757437070938215	0.004805491990846682	0.3389016018306636	0.021967963386727688	2.288329519450801E-4	2.288329519450801E-4	0.004805491990846682	2.288329519450801E-4	0.008237986270022883	0.13180778032036614	0.0013729977116704805	2.288329519450801E-4	2.288329519450801E-4	0.004805491990846682	0.0013729977116704805	0.007093821510297483	2.288329519450801E-4	0.10892448512585813	0.12036613272311213	0.0425629290617849	2.288329519450801E-4	2.288329519450801E-4
15	file:/C:/Users/papacharlie/code/SteamyReviews/./data/reviews_2000_tokens/105400	0.08751677852348994	0.08885906040268457	2.684563758389262E-4	0.031140939597315436	2.684563758389262E-4	0.11167785234899329	0.011006711409395973	2.684563758389262E-4	0.0029530201342281882	0.011006711409395973	2.684563758389262E-4	2.684563758389262E-4	0.1868456375838926	2.684563758389262E-4	0.001610738255033557	2.684563758389262E-4	2.684563758389262E-4	0.012348993288590604	0.016375838926174495	0.09691275167785235	0.24859060402684563	0.008322147651006712	0.06067114093959732	0.001610738255033557	0.020402684563758388
16	file:/C:/Users/papacharlie/code/SteamyReviews/./data/reviews_2000_tokens/105450	0.13252480705622932	2.205071664829107E-4	2.205071664829107E-4	0.13252480705622932	0.08621830209481808	0.03109151047409041	2.205071664829107E-4	0.12039691289966924	0.0024255788313120178	0.26593164277839026	2.205071664829107E-4	0.001323042998897464	0.1303197353914002	2.205071664829107E-4	0.017861080485115765	2.205071664829107E-4	2.205071664829107E-4	0.06637265711135612	0.001323042998897464	2.205071664829107E-4	0.007938257993384785	2.205071664829107E-4	2.205071664829107E-4	0.001323042998897464	2.205071664829107E-4
17	file:/C:/Users/papacharlie/code/SteamyReviews/./data/reviews_2000_tokens/105600	2.2321428571428573E-4	0.18995535714285713	0.0013392857142857143	0.075	0.16428571428571428	2.2321428571428573E-4	0.0035714285714285718	0.005803571428571429	0.07276785714285715	2.2321428571428573E-4	2.2321428571428573E-4	0.013616071428571427	0.16874999999999998	0.0013392857142857143	2.2321428571428573E-4	0.04486607142857143	0.016964285714285713	0.024776785714285713	0.013616071428571427	2.2321428571428573E-4	0.09174107142857144	0.022544642857142857	0.030357142857142857	0.016964285714285713	0.040401785714285716
18	file:/C:/Users/papacharlie/code/SteamyReviews/./data/reviews_2000_tokens/105800	0.01484184914841849	0.00145985401459854	2.4330900243309004E-4	0.21070559610705594	0.0732360097323601	0.012408759124087591	0.01362530413625304	2.4330900243309004E-4	0.0051094890510948905	2.4330900243309004E-4	2.4330900243309004E-4	0.007542579075425791	0.15231143552311435	2.4330900243309004E-4	2.4330900243309004E-4	0.01849148418491484	0.041605839416058395	2.4330900243309004E-4	0.3530413625304136	2.4330900243309004E-4	0.041605839416058395	0.035523114355231145	0.007542579075425791	0.008759124087591242	2.4330900243309004E-4
19	file:/C:/Users/papacharlie/code/SteamyReviews/./data/reviews_2000_tokens/10680	0.06518105849582173	1.8570102135561747E-4	0.0011142061281337048	0.14038997214484678	1.8570102135561747E-4	0.06239554317548747	1.8570102135561747E-4	0.04011142061281337	0.3168059424326834	1.8570102135561747E-4	0.008542246982358403	1.8570102135561747E-4	0.15617455896007426	0.018755803156917362	0.006685236768802228	0.06982358402971217	0.0011142061281337048	0.016898792943361187	1.8570102135561747E-4	0.011327762302692664	0.06146703806870938	0.017827298050139277	1.8570102135561747E-4	0.0029712163416898796	0.0011142061281337048
20	file:/C:/Users/papacharlie/code/SteamyReviews/./data/reviews_2000_tokens/107100	2.190580503833516E-4	0.037458926615553126	2.190580503833516E-4	0.4087623220153341	0.01117196056955093	0.13384446878422782	0.030887185104052573	2.190580503833516E-4	0.037458926615553126	2.190580503833516E-4	0.0024096385542168677	2.190580503833516E-4	0.13603504928806134	2.190580503833516E-4	0.0035049288061336256	0.005695509309967142	0.013362541073384446	0.0035049288061336256	0.07031763417305587	2.190580503833516E-4	0.019934282584884992	0.021029572836801753	0.03417305585980285	2.190580503833516E-4	0.028696604600219056
21	file:/C:/Users/papacharlie/code/SteamyReviews/./data/reviews_2000_tokens/107200	2.081165452653486E-4	0.06576482830385016	2.081165452653486E-4	0.15213319458896982	0.0022892819979188346	0.051196670135275756	2.081165452653486E-4	0.2978147762747138	0.043912591050988554	0.005411030176899064	2.081165452653486E-4	0.0064516129032258064	0.16982310093652445	0.0033298647242455777	2.081165452653486E-4	0.026222684703433922	0.0064516129032258064	0.011654526534859521	0.07304890738813737	0.019979188345473464	0.03142559833506764	2.081165452653486E-4	0.016857440166493237	0.01477627471383975	2.081165452653486E-4
22	file:/C:/Users/papacharlie/code/SteamyReviews/./data/reviews_2000_tokens/107300	0.02830409356725146	0.43532163742690055	2.3391812865497077E-4	0.09730994152046785	2.3391812865497077E-4	0.0376608187134503	0.0095906432748538	2.3391812865497077E-4	0.010760233918128654	0.0014035087719298245	2.3391812865497077E-4	2.3391812865497077E-4	0.12538011695906434	0.0014035087719298245	2.3391812865497077E-4	0.03298245614035088	0.0037426900584795323	0.011929824561403507	0.08678362573099416	2.3391812865497077E-4	0.06807017543859649	2.3391812865497077E-4	2.3391812865497077E-4	0.0025730994152046785	0.04467836257309942
23	file:/C:/Users/papacharlie/code/SteamyReviews/./data/reviews_2000_tokens/107310	0.006717226435536295	0.5007583965330444	0.0013001083423618634	0.08147345612134345	2.1668472372697725E-4	0.06413867822318527	2.1668472372697725E-4	2.1668472372697725E-4	2.1668472372697725E-4	2.1668472372697725E-4	2.1668472372697725E-4	2.1668472372697725E-4	0.12806067172264354	0.003466955579631636	0.003466955579631636	0.01863488624052004	0.004550379198266522	2.1668472372697725E-4	0.06413867822318527	2.1668472372697725E-4	0.09339111592632719	2.1668472372697725E-4	2.1668472372697725E-4	2.1668472372697725E-4	0.027302275189599132
24	file:/C:/Users/papacharlie/code/SteamyReviews/./data/reviews_2000_tokens/107410	0.005461638491547465	2.600780234070221E-4	0.0028608582574772435	0.20052015604681403	0.04317295188556567	2.600780234070221E-4	0.004161248374512354	2.600780234070221E-4	0.049674902470741224	0.005461638491547465	0.03146944083224967	0.2954486345903771	0.10949284785435631	2.600780234070221E-4	2.600780234070221E-4	0.045773732119635896	2.600780234070221E-4	0.05097529258777634	2.600780234070221E-4	2.600780234070221E-4	0.11599479843953187	2.600780234070221E-4	0.03667100130039012	2.600780234070221E-4	2.600780234070221E-4
25	file:/C:/Users/papacharlie/code/SteamyReviews/./data/reviews_2000_tokens/107600	0.016862745098039214	1.9607843137254904E-4	1.9607843137254904E-4	0.11	0.001176470588235294	1.9607843137254904E-4	1.9607843137254904E-4	0.008039215686274508	0.1580392156862745	0.00607843137254902	1.9607843137254904E-4	1.9607843137254904E-4	0.22862745098039214	1.9607843137254904E-4	1.9607843137254904E-4	1.9607843137254904E-4	1.9607843137254904E-4	0.01980392156862745	0.31784313725490193	0.047254901960784315	0.04235294117647059	1.9607843137254904E-4	0.00607843137254902	0.02176470588235294	0.01392156862745098
26	file:/C:/Users/papacharlie/code/SteamyReviews/./data/reviews_2000_tokens/107800	0.023873873873873873	2.2522522522522523E-4	2.2522522522522523E-4	0.14774774774774774	0.0013513513513513512	0.10833333333333334	0.005855855855855856	0.04527027027027027	0.05878378378378379	0.0013513513513513512	0.00472972972972973	2.2522522522522523E-4	0.05540540540540541	2.2522522522522523E-4	2.2522522522522523E-4	0.0036036036036036037	2.2522522522522523E-4	0.0024774774774774778	0.25135135135135134	2.2522522522522523E-4	0.08130630630630631	0.17590090090090088	0.023873873873873873	0.0013513513513513512	0.005855855855855856
27	file:/C:/Users/papacharlie/code/SteamyReviews/./data/reviews_2000_tokens/107900	2.3980815347721823E-4	2.3980815347721823E-4	2.3980815347721823E-4	0.05179856115107914	0.0014388489208633094	0.0026378896882494006	0.027817745803357313	2.3980815347721823E-4	0.019424460431654675	2.3980815347721823E-4	0.0026378896882494006	0.31918465227817744	0.055395683453237414	0.0014388489208633094	0.017026378896882494	0.021822541966426856	2.3980815347721823E-4	0.06378896882494005	2.3980815347721823E-4	0.008633093525179856	0.31678657074340527	2.3980815347721823E-4	0.04220623501199041	0.04580335731414868	2.3980815347721823E-4
28	file:/C:/Users/papacharlie/code/SteamyReviews/./data/reviews_2000_tokens/108200	0.08745046235138705	2.642007926023778E-4	2.642007926023778E-4	0.08348745046235138	0.034610303830911494	2.642007926023778E-4	2.642007926023778E-4	2.642007926023778E-4	2.642007926023778E-4	2.642007926023778E-4	0.028005284015852047	2.642007926023778E-4	0.17859973579920738	0.004227212681638045	0.1059445178335535	2.642007926023778E-4	2.642007926023778E-4	0.030647291941875824	2.642007926023778E-4	0.12575957727873183	0.2512549537648613	0.009511228533685601	0.05574636723910172	2.642007926023778E-4	0.0015852047556142667
29	file:/C:/Users/papacharlie/code/SteamyReviews/./data/reviews_2000_tokens/108600	0.0036036036036036037	0.01599099099099099	2.2522522522522523E-4	0.11171171171171171	0.039639639639639644	0.012612612612612612	0.14774774774774774	2.2522522522522523E-4	0.0463963963963964	2.2522522522522523E-4	2.2522522522522523E-4	0.00472972972972973	0.1195945945945946	0.0024774774774774778	0.012612612612612612	0.29076576576576574	0.0024774774774774778	2.2522522522522523E-4	0.006981981981981982	2.2522522522522523E-4	0.08806306306306307	0.00472972972972973	0.0722972972972973	0.013738738738738737	0.0024774774774774778
30	file:/C:/Users/papacharlie/code/SteamyReviews/./data/reviews_2000_tokens/108710	0.030387931034482757	0.001293103448275862	2.1551724137931037E-4	0.15431034482758618	2.1551724137931037E-4	0.2512931034482758	2.1551724137931037E-4	0.003448275862068966	0.08211206896551725	2.1551724137931037E-4	2.1551724137931037E-4	2.1551724137931037E-4	0.11767241379310345	0.022844827586206897	0.001293103448275862	0.024999999999999998	2.1551724137931037E-4	0.01853448275862069	2.1551724137931037E-4	0.014224137931034482	0.07349137931034483	0.17693965517241378	0.010991379310344827	2.1551724137931037E-4	0.014224137931034482
31	file:/C:/Users/papacharlie/code/SteamyReviews/./data/reviews_2000_tokens/108800	0.08148984198645598	0.005869074492099323	2.2573363431151243E-4	0.12437923250564334	0.004740406320541761	0.017155756207674944	2.2573363431151243E-4	0.04762979683972912	0.28916478555304737	2.2573363431151243E-4	2.2573363431151243E-4	0.03860045146726863	0.1548532731376975	0.08036117381489842	2.2573363431151243E-4	0.005869074492099323	2.2573363431151243E-4	0.004740406320541761	0.017155756207674944	0.03069977426636569	0.08600451467268623	0.005869074492099323	0.003611738148984199	2.2573363431151243E-4	2.2573363431151243E-4
32	file:/C:/Users/papacharlie/code/SteamyReviews/./data/reviews_2000_tokens/109400	0.020343839541547278	2.865329512893983E-4	0.0031518624641833815	0.050429799426934104	2.865329512893983E-4	2.865329512893983E-4	2.865329512893983E-4	2.865329512893983E-4	0.11203438395415473	0.0017191977077363897	2.865329512893983E-4	2.865329512893983E-4	0.08194842406876791	2.865329512893983E-4	2.865329512893983E-4	0.0017191977077363897	0.0031518624641833815	0.16217765042979942	2.865329512893983E-4	0.004584527220630373	0.31690544412607446	2.865329512893983E-4	0.014613180515759312	0.22091690544412607	0.0031518624641833815
33	file:/C:/Users/papacharlie/code/SteamyReviews/./data/reviews_2000_tokens/109600	0.003860072376357057	0.11604342581423402	2.4125452352231607E-4	0.09071170084439084	2.4125452352231607E-4	2.4125452352231607E-4	2.4125452352231607E-4	0.0014475271411338961	2.4125452352231607E-4	0.0014475271411338961	2.4125452352231607E-4	0.0026537997587454767	0.18721351025331723	2.4125452352231607E-4	0.005066344993968637	2.4125452352231607E-4	2.4125452352231607E-4	0.009891435464414957	0.0014475271411338961	2.4125452352231607E-4	0.2258142340168878	0.005066344993968637	0.01712907117008444	0.31387213510253315	0.015922798552472858
34	file:/C:/Users/papacharlie/code/SteamyReviews/./data/reviews_2000_tokens/110800	0.013023255813953487	2.3255813953488373E-4	2.3255813953488373E-4	0.16767441860465115	2.3255813953488373E-4	0.16999999999999998	0.0037209302325581397	0.0013953488372093023	0.059534883720930236	2.3255813953488373E-4	0.04558139534883721	0.0037209302325581397	0.13279069767441862	0.21883720930232556	2.3255813953488373E-4	2.3255813953488373E-4	0.0013953488372093023	2.3255813953488373E-4	2.3255813953488373E-4	0.032790697674418605	0.09558139534883721	0.030465116279069768	0.018837209302325582	0.002558139534883721	2.3255813953488373E-4
35	file:/C:/Users/papacharlie/code/SteamyReviews/./data/reviews_2000_tokens/111900	0.018655097613882864	0.0945770065075922	2.1691973969631238E-4	0.06637744034707159	0.02407809110629067	2.1691973969631238E-4	0.025162689804772233	0.006724511930585684	0.026247288503253797	2.1691973969631238E-4	2.1691973969631238E-4	0.0013015184381778742	0.12060737527114967	2.1691973969631238E-4	0.0175704989154013	0.005639913232104121	0.027331887201735357	0.1932754880694143	2.1691973969631238E-4	0.05010845986984816	0.20845986984815618	2.1691973969631238E-4	0.03817787418655098	0.03709327548806942	0.03709327548806942
36	file:/C:/Users/papacharlie/code/SteamyReviews/./data/reviews_2000_tokens/113020	0.01270236612702366	2.4906600249066E-4	0.01643835616438356	0.11357409713574097	0.0014943960149439602	0.02017434620174346	0.08617683686176837	0.0027397260273972603	0.0014943960149439602	2.4906600249066E-4	2.4906600249066E-4	0.04009962640099627	0.18953922789539226	0.17210460772104608	2.4906600249066E-4	0.01892901618929016	0.00398505603985056	0.06251556662515567	0.15093399750933997	0.01394769613947696	0.07745952677459528	0.01021170610211706	2.4906600249066E-4	0.00398505603985056	2.4906600249066E-4
37	file:/C:/Users/papacharlie/code/SteamyReviews/./data/reviews_2000_tokens/113200	0.015661103979460845	0.13119383825417202	0.0015404364569961489	0.1465982028241335	2.5673940949935817E-4	0.07086007702182286	0.08754813863928114	2.5673940949935817E-4	0.010526315789473684	0.00282413350449294	0.0015404364569961489	2.5673940949935817E-4	0.1491655969191271	2.5673940949935817E-4	2.5673940949935817E-4	2.5673940949935817E-4	2.5673940949935817E-4	0.014377406931964055	0.2582798459563543	2.5673940949935817E-4	0.10551989730423621	2.5673940949935817E-4	2.5673940949935817E-4	0.0015404364569961489	2.5673940949935817E-4
38	file:/C:/Users/papacharlie/code/SteamyReviews/./data/reviews_2000_tokens/113400	0.0021256038647342996	1.9323671497584543E-4	1.9323671497584543E-4	0.04560386473429952	1.9323671497584543E-4	1.9323671497584543E-4	0.025314009661835748	0.005024154589371981	0.07072463768115943	1.9323671497584543E-4	0.05236714975845411	0.013719806763285023	0.2514009661835749	0.012753623188405797	1.9323671497584543E-4	0.005024154589371981	1.9323671497584543E-4	0.11227053140096618	1.9323671497584543E-4	0.016618357487922706	0.19729468599033814	1.9323671497584543E-4	0.029178743961352657	0.15864734299516908	1.9323671497584543E-4
39	file:/C:/Users/papacharlie/code/SteamyReviews/./data/reviews_2000_tokens/113420	2.5094102885821835E-4	0.07553324968632372	0.004015056461731494	0.11693851944792974	2.5094102885821835E-4	0.01656210790464241	0.01656210790464241	0.024090338770388957	0.06173149309912171	0.005269761606022585	0.046675031367628614	2.5094102885821835E-4	0.16838143036386446	0.014052697616060225	2.5094102885821835E-4	0.08431618569636136	2.5094102885821835E-4	0.049184441656210796	2.5094102885821835E-4	0.0027603513174404015	0.1809284818067754	2.5094102885821835E-4	2.5094102885821835E-4	0.12321204516938519	0.007779171894604768
40	file:/C:/Users/papacharlie/code/SteamyReviews/./data/reviews_2000_tokens/11390	2.506265664160401E-4	2.506265664160401E-4	0.006516290726817042	0.05664160401002507	2.506265664160401E-4	0.032832080200501254	0.009022556390977444	2.506265664160401E-4	0.04411027568922306	0.006516290726817042	0.2220551378446115	0.025313283208020048	0.10050125313283208	0.10175438596491228	0.005263157894736842	2.506265664160401E-4	0.012781954887218044	0.0040100250626566416	0.015288220551378445	0.010275689223057643	0.33358395989974937	0.0015037593984962405	0.010275689223057643	2.506265664160401E-4	2.506265664160401E-4
41	file:/C:/Users/papacharlie/code/SteamyReviews/./data/reviews_2000_tokens/11450	0.046153846153846156	0.2707196029776675	0.003970223325062035	0.12679900744416875	0.021339950372208438	0.09826302729528537	2.4813895781637717E-4	0.03250620347394541	0.01389578163771712	2.4813895781637717E-4	0.001488833746898263	2.4813895781637717E-4	0.17766749379652605	0.015136476426799007	2.4813895781637717E-4	0.005210918114143921	0.001488833746898263	2.4813895781637717E-4	0.07593052109181142	2.4813895781637717E-4	0.08833746898263027	0.0027295285359801493	0.012655086848635234	0.001488833746898263	0.0027295285359801493
42	file:/C:/Users/papacharlie/code/SteamyReviews/./data/reviews_2000_tokens/115100	0.004520990312163617	0.21227125941872982	0.002368137782561895	0.06803013993541443	2.1528525296017224E-4	2.1528525296017224E-4	0.09278794402583423	0.002368137782561895	2.1528525296017224E-4	0.0012917115177610333	2.1528525296017224E-4	2.1528525296017224E-4	0.2208826695371367	0.026049515608180838	0.003444564047362756	0.008826695371367061	0.008826695371367061	0.0012917115177610333	0.11001076426264801	0.01636167922497309	0.006673842841765339	0.01743810548977395	2.1528525296017224E-4	0.0012917115177610333	0.19397201291711516
43	file:/C:/Users/papacharlie/code/SteamyReviews/./data/reviews_2000_tokens/115110	0.026586826347305387	0.005029940119760479	0.13437125748502995	0.19544910179640718	0.006227544910179641	0.09604790419161677	0.015808383233532935	2.3952095808383236E-4	2.3952095808383236E-4	2.3952095808383236E-4	0.001437125748502994	0.005029940119760479	0.12239520958083833	0.032574850299401194	2.3952095808383236E-4	2.3952095808383236E-4	2.3952095808383236E-4	2.3952095808383236E-4	0.14155688622754492	0.018203592814371256	0.08167664670658684	0.10802395209580838	2.3952095808383236E-4	0.001437125748502994	0.006227544910179641
44	file:/C:/Users/papacharlie/code/SteamyReviews/./data/reviews_2000_tokens/115120	0.0013513513513513512	0.05765765765765766	0.0024774774774774778	0.04527027027027027	0.04527027027027027	2.2522522522522523E-4	2.2522522522522523E-4	0.08581081081081081	0.24009009009009008	2.2522522522522523E-4	2.2522522522522523E-4	0.022747747747747748	0.17027027027027025	2.2522522522522523E-4	2.2522522522522523E-4	2.2522522522522523E-4	0.005855855855855856	0.07792792792792794	0.012612612612612612	0.07905405405405405	0.10495495495495495	0.009234234234234234	0.03400900900900901	0.0036036036036036037	2.2522522522522523E-4
45	file:/C:/Users/papacharlie/code/SteamyReviews/./data/reviews_2000_tokens/115320	0.030607476635514018	0.024766355140186914	0.0014018691588785046	0.057476635514018694	2.3364485981308412E-4	0.07266355140186916	0.021261682242990652	0.0014018691588785046	0.027102803738317756	0.01892523364485981	0.006074766355140187	2.3364485981308412E-4	0.1941588785046729	0.12873831775700936	0.0025700934579439253	2.3364485981308412E-4	2.3364485981308412E-4	0.0014018691588785046	0.007242990654205608	0.155607476635514	0.18130841121495325	0.01775700934579439	0.008411214953271028	0.006074766355140187	0.03411214953271028
46	file:/C:/Users/papacharlie/code/SteamyReviews/./data/reviews_2000_tokens/115800	2.0345879959308242E-4	0.007324516785350966	2.0345879959308242E-4	0.2880976602238047	2.0345879959308242E-4	0.12533062054933877	0.0012207527975584944	2.0345879959308242E-4	0.004272634791454731	2.0345879959308242E-4	0.007324516785350966	2.0345879959308242E-4	0.18229908443540183	0.0012207527975584944	0.0032553407934893188	2.0345879959308242E-4	0.0012207527975584944	2.0345879959308242E-4	0.21078331637843337	2.0345879959308242E-4	0.09684638860630723	0.022583926754832145	0.0022380467955239068	2.0345879959308242E-4	0.0439471007121058
47	file:/C:/Users/papacharlie/code/SteamyReviews/./data/reviews_2000_tokens/11610	2.23463687150838E-4	0.12424581005586592	2.23463687150838E-4	0.12089385474860335	2.23463687150838E-4	0.0605586592178771	0.05162011173184358	2.23463687150838E-4	0.018100558659217877	2.23463687150838E-4	0.0024581005586592182	2.23463687150838E-4	0.1812290502793296	2.23463687150838E-4	2.23463687150838E-4	2.23463687150838E-4	2.23463687150838E-4	0.033743016759776534	2.23463687150838E-4	2.23463687150838E-4	0.15441340782122903	2.23463687150838E-4	2.23463687150838E-4	0.248268156424581	0.001340782122905028
48	file:/C:/Users/papacharlie/code/SteamyReviews/./data/reviews_2000_tokens/1200	0.0158004158004158	2.079002079002079E-4	2.079002079002079E-4	0.1374220374220374	2.079002079002079E-4	0.01372141372141372	0.03451143451143451	0.03451143451143451	0.14469854469854468	0.01683991683991684	0.0012474012474012473	0.3068607068607068	0.1478170478170478	2.079002079002079E-4	0.007484407484407485	2.079002079002079E-4	0.008523908523908523	0.057380457380457384	0.006444906444906445	2.079002079002079E-4	0.03659043659043659	2.079002079002079E-4	0.020997920997920996	0.007484407484407485	2.079002079002079E-4
49	file:/C:/Users/papacharlie/code/SteamyReviews/./data/reviews_2000_tokens/12100	0.1493167701863354	0.0014906832298136644	2.484472049689441E-4	0.1306832298136646	0.006459627329192546	0.047453416149068325	0.028819875776397514	2.484472049689441E-4	0.04869565217391305	0.021366459627329193	0.03130434782608696	0.0014906832298136644	0.14559006211180126	0.19155279503105588	2.484472049689441E-4	2.484472049689441E-4	0.006459627329192546	0.0014906832298136644	0.02385093167701863	0.05863354037267081	0.08596273291925466	2.484472049689441E-4	0.006459627329192546	0.008944099378881987	0.0027329192546583854
50	file:/C:/Users/papacharlie/code/SteamyReviews/./data/reviews_2000_tokens/12110	0.12230769230769231	1.923076923076923E-4	0.01173076923076923	0.12038461538461538	0.010769230769230769	0.026153846153846153	0.029038461538461537	1.923076923076923E-4	0.055	0.03192307692307693	0.055961538461538465	1.923076923076923E-4	0.07615384615384616	0.26557692307692304	1.923076923076923E-4	0.007884615384615384	0.02519230769230769	0.014615384615384615	1.923076923076923E-4	0.05692307692307692	0.08192307692307693	1.923076923076923E-4	1.923076923076923E-4	0.006923076923076923	1.923076923076923E-4
51	file:/C:/Users/papacharlie/code/SteamyReviews/./data/reviews_2000_tokens/12120	0.13992583436341163	2.4721878862793575E-4	0.0014833127317676143	0.03733003708281829	2.4721878862793575E-4	0.01260815822002472	0.024969097651421506	2.4721878862793575E-4	2.4721878862793575E-4	0.003955500618046972	0.04351050679851669	0.015080346106304078	0.07441285537700866	0.1930778739184178	0.003955500618046972	0.003955500618046972	0.05710754017305315	2.4721878862793575E-4	0.00519159456118665	0.07935723114956737	0.21038318912237328	2.4721878862793575E-4	0.09048207663782448	2.4721878862793575E-4	0.0014833127317676143
52	file:/C:/Users/papacharlie/code/SteamyReviews/./data/reviews_2000_tokens/12130	0.05431841831425599	0.005411030176899064	0.015816857440166494	0.18439125910509885	2.081165452653486E-4	0.07825182101977107	0.07825182101977107	2.081165452653486E-4	0.06784599375650364	0.0022892819979188346	2.081165452653486E-4	2.081165452653486E-4	0.08969823100936525	0.12091571279916753	0.0022892819979188346	0.011654526534859521	0.0022892819979188346	2.081165452653486E-4	0.012695109261186263	0.1105098855359001	0.0668054110301769	0.042872008324661814	0.029344432882414152	2.081165452653486E-4	0.023100936524453695
53	file:/C:/Users/papacharlie/code/SteamyReviews/./data/reviews_2000_tokens/12140	0.05243619489559165	2.320185614849188E-4	0.0013921113689095127	0.1951276102088167	2.320185614849188E-4	0.1197215777262181	0.03155452436194896	0.0071925754060324825	0.12784222737819026	2.320185614849188E-4	0.002552204176334107	2.320185614849188E-4	0.10928074245939676	0.1510440835266821	2.320185614849188E-4	0.010672853828306263	0.002552204176334107	2.320185614849188E-4	0.002552204176334107	0.07447795823665894	0.08607888631090488	0.0037122969837587007	0.019953596287703015	2.320185614849188E-4	2.320185614849188E-4
54	file:/C:/Users/papacharlie/code/SteamyReviews/./data/reviews_2000_tokens/12150	0.11108949416342413	0.0021400778210116734	1.945525291828794E-4	0.1470817120622568	1.945525291828794E-4	0.15291828793774317	0.019649805447470817	1.945525291828794E-4	0.11887159533073931	0.0021400778210116734	1.945525291828794E-4	1.945525291828794E-4	0.07023346303501946	0.1762645914396887	0.007976653696498054	1.945525291828794E-4	0.0031128404669260703	1.945525291828794E-4	0.03132295719844358	0.1208171206225681	0.034241245136186774	1.945525291828794E-4	1.945525291828794E-4	1.945525291828794E-4	1.945525291828794E-4
55	file:/C:/Users/papacharlie/code/SteamyReviews/./data/reviews_2000_tokens/12200	1.8484288354898338E-4	0.028835489833641405	0.10092421441774492	0.09537892791127542	0.0020332717190388173	0.03715341959334566	0.12680221811460257	1.8484288354898338E-4	0.04547134935304991	0.0177449168207024	0.014048059149722736	1.8484288354898338E-4	0.1286506469500924	0.2164510166358595	0.002957486136783734	0.022365988909426985	0.025138632162661736	1.8484288354898338E-4	0.0020332717190388173	0.002957486136783734	0.08059149722735674	1.8484288354898338E-4	1.8484288354898338E-4	0.013123844731977818	0.03622920517560074
56	file:/C:/Users/papacharlie/code/SteamyReviews/./data/reviews_2000_tokens/12210	0.028874734607218684	2.1231422505307856E-4	2.1231422505307856E-4	0.06072186836518047	2.1231422505307856E-4	0.017197452229299363	0.055414012738853505	2.1231422505307856E-4	2.1231422505307856E-4	0.02038216560509554	0.03630573248407644	0.0065817409766454355	0.07770700636942675	0.1583864118895966	2.1231422505307856E-4	0.003397027600849257	2.1231422505307856E-4	2.1231422505307856E-4	2.1231422505307856E-4	0.3887473460721868	0.1286624203821656	2.1231422505307856E-4	0.010828025477707006	0.0044585987261146496	2.1231422505307856E-4
57	file:/C:/Users/papacharlie/code/SteamyReviews/./data/reviews_2000_tokens/12220	0.01668773704171934	2.5284450063211124E-4	2.5284450063211124E-4	0.017951959544879898	0.00404551201011378	0.03438685208596713	0.011630847029077117	0.007838179519595449	0.02806573957016435	0.011630847029077117	0.02806573957016435	2.5284450063211124E-4	0.0470290771175727	0.1646017699115044	0.006573957016434893	2.5284450063211124E-4	0.006573957016434893	0.019216182048040455	0.00404551201011378	0.2518331226295828	0.2948166877370417	0.002781289506953224	0.029329962073324903	0.011630847029077117	2.5284450063211124E-4
58	file:/C:/Users/papacharlie/code/SteamyReviews/./data/reviews_2000_tokens/12320	0.07930232558139536	0.2502325581395349	2.3255813953488373E-4	0.12348837209302325	0.002558139534883721	0.02930232558139535	0.0013953488372093023	0.0013953488372093023	2.3255813953488373E-4	0.004883720930232559	2.3255813953488373E-4	2.3255813953488373E-4	0.13395348837209303	2.3255813953488373E-4	0.0013953488372093023	0.0013953488372093023	2.3255813953488373E-4	0.05604651162790698	2.3255813953488373E-4	0.17930232558139533	0.1258139534883721	2.3255813953488373E-4	0.0013953488372093023	2.3255813953488373E-4	0.006046511627906977
59	file:/C:/Users/papacharlie/code/SteamyReviews/./data/reviews_2000_tokens/12360	0.064859228362878	0.005422314911366006	2.0855057351407719E-4	0.04504692387904067	2.0855057351407719E-4	0.002294056308654849	0.0012513034410844628	2.0855057351407719E-4	2.0855057351407719E-4	2.0855057351407719E-4	0.23587069864442126	0.0012513034410844628	0.054431699687174144	2.0855057351407719E-4	0.015849843587069864	2.0855057351407719E-4	0.015849843587069864	0.08362877997914495	0.007507820646506778	0.21918665276329508	0.24316996871741395	0.0012513034410844628	2.0855057351407719E-4	2.0855057351407719E-4	0.0012513034410844628
60	file:/C:/Users/papacharlie/code/SteamyReviews/./data/reviews_2000_tokens/1250	0.012992545260915866	0.0012779552715654952	2.1299254526091588E-4	0.07156549520766774	0.010862619808306708	2.1299254526091588E-4	0.0076677316293929714	2.1299254526091588E-4	0.22492012779552714	2.1299254526091588E-4	2.1299254526091588E-4	0.050266240681576146	0.1386581469648562	0.003407880724174654	2.1299254526091588E-4	0.014057507987220446	2.1299254526091588E-4	0.21001064962726304	0.03535676251331204	0.0012779552715654952	0.1386581469648562	0.0023429179978700747	0.017252396166134186	0.057720979765708204	2.1299254526091588E-4
61	file:/C:/Users/papacharlie/code/SteamyReviews/./data/reviews_2000_tokens/12750	0.02092457420924574	2.4330900243309004E-4	0.007542579075425791	0.12554744525547445	0.0038929440389294406	0.008759124087591242	0.006326034063260341	2.4330900243309004E-4	0.0051094890510948905	2.4330900243309004E-4	0.39927007299270073	2.4330900243309004E-4	0.1510948905109489	0.00145985401459854	0.024574209245742093	2.4330900243309004E-4	2.4330900243309004E-4	0.1048661800486618	0.06228710462287105	0.028223844282238442	0.035523114355231145	2.4330900243309004E-4	0.00145985401459854	0.01119221411192214	2.4330900243309004E-4
62	file:/C:/Users/papacharlie/code/SteamyReviews/./data/reviews_2000_tokens/12810	0.08798076923076924	0.19615384615384615	2.403846153846154E-4	0.13245192307692308	0.00985576923076923	0.03990384615384616	0.06033653846153846	0.026682692307692307	0.04230769230769231	0.04591346153846154	2.403846153846154E-4	2.403846153846154E-4	0.15649038461538461	0.0014423076923076922	0.00625	0.032692307692307694	0.04471153846153846	0.0014423076923076922	0.005048076923076923	2.403846153846154E-4	0.07475961538461538	0.01346153846153846	0.0014423076923076922	0.008653846153846154	0.011057692307692307
63	file:/C:/Users/papacharlie/code/SteamyReviews/./data/reviews_2000_tokens/12830	0.033788819875776394	0.006459627329192546	0.006459627329192546	0.05987577639751553	2.484472049689441E-4	2.484472049689441E-4	2.484472049689441E-4	0.013913043478260868	0.06608695652173914	2.484472049689441E-4	0.01888198757763975	0.302111801242236	0.09341614906832299	2.484472049689441E-4	2.484472049689441E-4	0.030062111801242235	2.484472049689441E-4	0.06608695652173914	2.484472049689441E-4	0.04993788819875777	0.21391304347826084	0.0014906832298136644	0.033788819875776394	0.0014906832298136644	2.484472049689441E-4
64	file:/C:/Users/papacharlie/code/SteamyReviews/./data/reviews_2000_tokens/12900	0.02222222222222222	2.7434842249657066E-4	2.7434842249657066E-4	0.11275720164609054	2.7434842249657066E-4	2.7434842249657066E-4	0.0016460905349794238	0.003017832647462277	2.7434842249657066E-4	2.7434842249657066E-4	0.020850480109739368	0.0016460905349794238	0.17448559670781894	2.7434842249657066E-4	2.7434842249657066E-4	2.7434842249657066E-4	0.19368998628257886	0.08257887517146777	0.26776406035665296	0.0016460905349794238	0.10727023319615912	2.7434842249657066E-4	2.7434842249657066E-4	2.7434842249657066E-4	0.007133058984910837
65	file:/C:/Users/papacharlie/code/SteamyReviews/./data/reviews_2000_tokens/130	0.08912280701754387	2.3391812865497077E-4	2.3391812865497077E-4	0.08093567251461989	2.3391812865497077E-4	0.10783625730994152	0.004912280701754386	0.02713450292397661	0.043508771929824566	2.3391812865497077E-4	2.3391812865497077E-4	0.35812865497076024	0.10315789473684212	2.3391812865497077E-4	0.0014035087719298245	0.029473684210526315	0.004912280701754386	0.0014035087719298245	0.011929824561403507	0.0037426900584795323	0.11953216374269006	0.0095906432748538	2.3391812865497077E-4	2.3391812865497077E-4	0.0014035087719298245
