0	file:/C:/Users/papacharlie/code/SteamyReviews/./data/cut_reviews/10	0.22233893557422968	0.003851540616246499	1.1671335200746966E-4	1.1671335200746966E-4	1.1671335200746966E-4	0.1000233426704015	1.1671335200746966E-4	0.003851540616246499	0.0010504201680672268	0.21626984126984128	0.07201213818860877	0.09862278244631185	0.0015172735760971055	0.11122782446311857	0.003851540616246499	0.024859943977591035	5.835667600373483E-4	0.12103174603174603	0.00992063492063492	0.008520074696545284
1	file:/C:/Users/papacharlie/code/SteamyReviews/./data/cut_reviews/10090	0.1757136678200692	0.07623269896193771	9.731833910034602E-4	0.0031358131487889272	0.0027032871972318337	0.09396626297577855	1.0813148788927336E-4	1.0813148788927336E-4	1.0813148788927336E-4	0.4071150519031142	1.0813148788927336E-4	0.011786332179930796	1.0813148788927336E-4	0.05720155709342561	5.406574394463668E-4	0.06887975778546712	1.0813148788927336E-4	0.10088667820069204	1.0813148788927336E-4	1.0813148788927336E-4
2	file:/C:/Users/papacharlie/code/SteamyReviews/./data/cut_reviews/10150	0.1509808500700607	0.03281177020084073	0.058967772069126574	0.02580569827183559	0.002919196637085474	1.1676786548341896E-4	0.05289584306398879	0.006188696870621205	0.013194768799626343	0.11408220457730033	5.838393274170948E-4	0.0010509107893507707	0.027673984119570293	0.04635684259691733	0.004787482484820177	0.23178421298458665	0.009925268566090611	0.20095749649696404	0.017398411957029427	0.0015179822512844466
3	file:/C:/Users/papacharlie/code/SteamyReviews/./data/cut_reviews/10180	0.18958810068649887	0.0014874141876430205	5.720823798627002E-4	1.1441647597254005E-4	0.0010297482837528604	0.11178489702517162	0.010640732265446224	1.1441647597254005E-4	1.1441647597254005E-4	0.23123569794050344	0.0010297482837528604	0.0742562929061785	1.1441647597254005E-4	0.07242562929061785	1.1441647597254005E-4	0.12048054919908467	0.006521739130434782	0.1754004576659039	1.1441647597254005E-4	0.002860411899313501
4	file:/C:/Users/papacharlie/code/SteamyReviews/./data/cut_reviews/10220	0.37642721217887726	5.946717411988582E-4	0.008206470028544244	1.1893434823977165E-4	0.006303520456707897	1.1893434823977165E-4	0.020575642245480495	0.0024976213130352047	1.1893434823977165E-4	0.08147002854424358	1.1893434823977165E-4	1.1893434823977165E-4	0.017245480494766888	0.21324928639391055	0.01439105613701237	0.09336346336822074	0.013915318744053282	0.13617982873453854	0.0044005708848715505	0.010585156993339676
5	file:/C:/Users/papacharlie/code/SteamyReviews/./data/cut_reviews/102500	0.11946614583333333	0.021809895833333332	0.04090711805555555	0.0014105902777777778	1.0850694444444444E-4	0.004448784722222222	0.021375868055555556	0.005316840277777778	0.4506293402777778	0.014431423611111112	1.0850694444444444E-4	0.014431423611111112	1.0850694444444444E-4	0.006618923611111111	0.018771701388888888	0.04307725694444445	0.004448784722222222	0.2318793402777778	1.0850694444444444E-4	5.425347222222222E-4
6	file:/C:/Users/papacharlie/code/SteamyReviews/./data/cut_reviews/102600	0.12813581314878894	0.024329584775086507	0.01611159169550173	1.0813148788927336E-4	1.0813148788927336E-4	0.018274221453287196	0.21810121107266436	1.0813148788927336E-4	0.16619809688581316	0.06801470588235294	0.15322231833910036	1.0813148788927336E-4	0.004000865051903114	5.406574394463668E-4	0.001838235294117647	0.010488754325259515	1.0813148788927336E-4	0.18220155709342561	0.007893598615916955	1.0813148788927336E-4
7	file:/C:/Users/papacharlie/code/SteamyReviews/./data/cut_reviews/102700	0.36238420282788886	1.2189176011701609E-4	0.0010970258410531448	1.2189176011701609E-4	1.2189176011701609E-4	0.0010970258410531448	0.002559726962457338	0.0035348610433934666	1.2189176011701609E-4	0.1264017552413457	0.004022428083861531	0.34970745977571915	6.094588005850804E-4	0.06984397854705023	1.2189176011701609E-4	0.028888347147732814	1.2189176011701609E-4	0.04790346172598732	1.2189176011701609E-4	0.0010970258410531448
8	file:/C:/Users/papacharlie/code/SteamyReviews/./data/cut_reviews/102820	0.3139007470651014	0.040154749199573105	1.3340448239060833E-4	0.0033351120597652083	0.0076040554962646745	1.3340448239060833E-4	0.009738527214514408	0.20237459978655284	0.1121931696905016	1.3340448239060833E-4	6.670224119530416E-4	0.0038687299893276415	1.3340448239060833E-4	0.035352187833511205	0.01827641408751334	0.053495197438633936	0.04922625400213447	0.1185965848452508	0.0076040554962646745	0.02307897545357524
9	file:/C:/Users/papacharlie/code/SteamyReviews/./data/cut_reviews/102840	0.209447983014862	1.0615711252653928E-4	0.2892781316348195	0.0030785562632696392	5.307855626326964E-4	0.01624203821656051	0.040021231422505306	1.0615711252653928E-4	0.030254777070063694	0.11220806794055202	5.307855626326964E-4	1.0615711252653928E-4	1.0615711252653928E-4	0.010721868365180466	0.018365180467091295	0.06464968152866242	1.0615711252653928E-4	0.17250530785562632	0.02685774946921444	0.004777070063694267
10	file:/C:/Users/papacharlie/code/SteamyReviews/./data/cut_reviews/104200	0.2524026910139356	1.201345506967804E-4	0.01261412782316194	0.004444978375780875	0.02751081210956271	1.201345506967804E-4	0.40905814512253724	0.007328207592503604	1.201345506967804E-4	0.044329649207111965	0.006367131186929361	1.201345506967804E-4	0.0010812109562710235	0.0034839019702066314	0.05778471888515137	0.004925516578567996	0.025588659298414224	0.14187890437289766	1.201345506967804E-4	6.00672753483902E-4
11	file:/C:/Users/papacharlie/code/SteamyReviews/./data/cut_reviews/104700	0.2899357072205737	0.023862512363996044	0.0016073194856577645	0.0016073194856577645	0.001112759643916914	0.08172601384767557	0.022873392680514342	1.2363996043521266E-4	0.007047477744807121	0.06095450049455984	6.181998021760633E-4	0.2884520276953511	0.0016073194856577645	0.004080118694362018	1.2363996043521266E-4	0.0016073194856577645	0.09260633036597428	0.08914441147378833	0.018422354104846685	0.012487636003956479
12	file:/C:/Users/papacharlie/code/SteamyReviews/./data/cut_reviews/104900	0.24543279686820357	1.0874293170943889E-4	0.0018486298390604612	0.004023488473249239	1.0874293170943889E-4	0.05665506742061766	0.023162244454110484	0.0035885167464114833	0.02359721618094824	0.28588516746411485	0.0018486298390604612	0.05491518051326664	0.0014136581122227054	1.0874293170943889E-4	0.003153545019573728	0.01359286646367986	0.04708568943018704	0.13581992170508916	0.0953675511091779	0.0022836015658982164
13	file:/C:/Users/papacharlie/code/SteamyReviews/./data/cut_reviews/10500	0.11319324090121317	0.5404029462738301	1.0831889081455805E-4	0.0014081455805892548	0.023071923743500866	0.01397313691507799	0.004007798960138648	0.001841421143847487	1.0831889081455805E-4	0.023505199306759098	1.0831889081455805E-4	1.0831889081455805E-4	1.0831889081455805E-4	0.05426776429809359	1.0831889081455805E-4	0.023071923743500866	0.017872616984402078	0.18035095320623917	0.001841421143847487	5.415944540727903E-4
14	file:/C:/Users/papacharlie/code/SteamyReviews/./data/cut_reviews/105000	0.2561002661934339	0.0014418811002661935	5.545696539485359E-4	1.1091393078970719E-4	0.002329192546583851	1.1091393078970719E-4	0.004103815439219166	0.011645962732919254	1.1091393078970719E-4	1.1091393078970719E-4	1.1091393078970719E-4	0.012976929902395741	0.008540372670807454	0.03161047027506655	0.33240905057675246	1.1091393078970719E-4	0.012089618456078083	0.21129103815439218	0.008540372670807454	0.10570097604259095
15	file:/C:/Users/papacharlie/code/SteamyReviews/./data/cut_reviews/105400	0.343812625250501	0.004634268537074149	0.014153306613226453	1.25250501002004E-4	1.25250501002004E-4	0.018161322645290582	1.25250501002004E-4	0.0031312625250501003	0.09130761523046092	0.001628256513026052	1.25250501002004E-4	0.015155310621242485	0.00814128256513026	0.050726452905811625	0.03920340681362725	0.21355210420841683	0.052730460921843685	0.1283817635270541	1.25250501002004E-4	0.01465430861723447
16	file:/C:/Users/papacharlie/code/SteamyReviews/./data/cut_reviews/105450	0.090599173553719	0.45258264462809916	1.0330578512396694E-4	0.008367768595041323	0.00506198347107438	0.01621900826446281	0.02159090909090909	0.02324380165289256	0.04183884297520661	0.007541322314049587	1.0330578512396694E-4	1.0330578512396694E-4	5.165289256198347E-4	0.06332644628099174	1.0330578512396694E-4	0.0740702479338843	0.024483471074380165	0.12324380165289256	0.0393595041322314	0.007541322314049587
17	file:/C:/Users/papacharlie/code/SteamyReviews/./data/cut_reviews/105600	0.16684997800263968	0.004509458864936208	0.052903651561812585	1.0998680158380995E-4	5.499340079190497E-4	0.05246370435547734	0.049384073911130665	1.0998680158380995E-4	0.18752749670039595	0.011548614166300044	5.499340079190497E-4	0.028266608007039156	0.004949406071271447	0.0027496700395952486	0.0014298284205895293	0.001869775626924769	0.07138143422789266	0.1514518257809063	0.2068851737791465	0.004509458864936208
18	file:/C:/Users/papacharlie/code/SteamyReviews/./data/cut_reviews/105800	0.11901997213190896	0.0029029261495587553	0.017765908035299583	1.1611704598235021E-4	1.1611704598235021E-4	0.008476544356711566	0.43810961449140734	0.0010450534138411519	1.1611704598235021E-4	0.012656758012076172	0.0019739897816999537	1.1611704598235021E-4	0.006154203437064561	1.1611704598235021E-4	0.03959591267998142	1.1611704598235021E-4	1.1611704598235021E-4	0.2537157454714352	0.09765443567115653	1.1611704598235021E-4
19	file:/C:/Users/papacharlie/code/SteamyReviews/./data/cut_reviews/10680	0.13106904231625835	0.0036748329621380848	0.014810690423162583	0.006347438752783964	1.1135857461024499E-4	0.016146993318485525	0.010801781737193764	1.1135857461024499E-4	5.567928730512249E-4	0.3239420935412027	1.1135857461024499E-4	0.015256124721603563	0.08251670378619154	1.1135857461024499E-4	0.021046770601336303	0.11102449888641426	1.1135857461024499E-4	0.22906458797327395	0.03307349665924276	1.1135857461024499E-4
20	file:/C:/Users/papacharlie/code/SteamyReviews/./data/cut_reviews/107100	0.1294762757385855	1.1190689346463742E-4	0.03278871978513877	0.003692927484333035	0.0010071620411817369	0.013988361683079677	0.09903760071620411	5.595344673231871E-4	0.057408236347359	0.02562667860340197	0.05875111906893465	0.0032452999104744854	0.0014547896150402864	0.02607430617726052	0.18945837063563115	1.1190689346463742E-4	0.0014547896150402864	0.31837511190689344	0.00906445837063563	0.028312444046553267
21	file:/C:/Users/papacharlie/code/SteamyReviews/./data/cut_reviews/107200	0.15110966057441252	0.051022628372497825	0.007071366405570061	1.0879025239338555E-4	0.24902088772845954	0.0014142732811140122	0.08322454308093995	1.0879025239338555E-4	0.14414708442123586	0.06016100957354221	1.0879025239338555E-4	5.439512619669277E-4	1.0879025239338555E-4	5.439512619669277E-4	0.006636205395996519	1.0879025239338555E-4	0.015339425587467363	0.21768929503916448	0.0035900783289817234	0.007941688424717146
22	file:/C:/Users/papacharlie/code/SteamyReviews/./data/cut_reviews/107300	0.15182701202590193	0.006591119333950046	0.061632747456059206	1.1563367252543941E-4	1.1563367252543941E-4	0.008441258094357076	0.008441258094357076	1.1563367252543941E-4	0.4862395929694727	0.012141535615171138	0.0015032377428307122	0.00196577243293247	0.0010407030527289547	0.005666049953746531	0.07273358001850139	1.1563367252543941E-4	1.1563367252543941E-4	0.16524051803885292	0.006591119333950046	0.009366327474560593
23	file:/C:/Users/papacharlie/code/SteamyReviews/./data/cut_reviews/107310	0.15744631185807656	1.1671335200746966E-4	0.04073295985060691	1.1671335200746966E-4	0.001984126984126984	0.0015172735760971055	0.02392623716153128	0.0010504201680672268	0.45856676003734825	0.003851540616246499	1.1671335200746966E-4	0.0010504201680672268	0.008986928104575163	0.024393090569561158	0.036531279178338004	0.0010504201680672268	1.1671335200746966E-4	0.15417833800186742	0.0075863678804855275	0.07668067226890757
24	file:/C:/Users/papacharlie/code/SteamyReviews/./data/cut_reviews/107410	0.1955636519502786	0.025396485212173168	1.0715816545220746E-4	0.04639948564080583	1.0715816545220746E-4	0.031825975139305615	1.0715816545220746E-4	0.007393913416202315	5.357908272610373E-4	0.3181525932276039	0.013823403343334761	1.0715816545220746E-4	9.644234890698671E-4	0.086262323189027	5.357908272610373E-4	0.005679382768966995	0.047256750964423486	0.18784826403771968	0.03139734247749679	5.357908272610373E-4
25	file:/C:/Users/papacharlie/code/SteamyReviews/./data/cut_reviews/107600	0.08492139113863745	5.955216769890424E-4	0.06348261076703192	1.1910433539780847E-4	0.010123868508813721	0.06300619342544068	0.373153882801334	0.0010719390185802763	1.1910433539780847E-4	0.14637922820390661	0.013458789899952358	0.002977608384945212	1.1910433539780847E-4	0.0010719390185802763	1.1910433539780847E-4	0.01631729394949976	0.018222963315864697	0.19640304907098619	0.00631252977608385	0.0020247737017627444
26	file:/C:/Users/papacharlie/code/SteamyReviews/./data/cut_reviews/107800	0.11900129701686121	5.40423692174665E-4	0.05069174232598357	0.0048638132295719845	0.06841763942931259	9.727626459143969E-4	0.28977518374405536	1.0808473843493298E-4	1.0808473843493298E-4	0.07101167315175097	0.005296152183311717	0.00399913532209252	0.0027021184608733246	0.002269779507133593	0.15834414180717682	0.044638996973627325	0.0014051015996541288	0.17261132728058798	1.0808473843493298E-4	0.0031344574146130568
27	file:/C:/Users/papacharlie/code/SteamyReviews/./data/cut_reviews/107900	0.3809578368469294	0.0024060494958753438	1.1457378551787351E-4	1.1457378551787351E-4	0.0010311640696608615	5.728689275893675E-4	0.00653070577451879	0.0010311640696608615	1.1457378551787351E-4	0.11743813015582034	1.1457378551787351E-4	0.28654903758020167	0.009738771769019248	0.06840054995417048	0.00653070577451879	1.1457378551787351E-4	0.01890467461044913	0.03357011915673694	0.057401466544454625	0.008363886342804766
28	file:/C:/Users/papacharlie/code/SteamyReviews/./data/cut_reviews/108200	0.30177583025830257	0.0010378228782287823	1.1531365313653136E-4	0.031941881918819186	1.1531365313653136E-4	0.17262453874538744	0.05177583025830258	0.19845479704797048	5.765682656826568E-4	5.765682656826568E-4	1.1531365313653136E-4	0.011185424354243542	1.1531365313653136E-4	1.1531365313653136E-4	0.0010378228782287823	0.028251845018450183	0.07160977859778597	0.1278828413284133	5.765682656826568E-4	1.1531365313653136E-4
29	file:/C:/Users/papacharlie/code/SteamyReviews/./data/cut_reviews/108600	0.25696003592276606	1.122586439155815E-4	1.122586439155815E-4	0.0063987427031881455	1.122586439155815E-4	1.122586439155815E-4	0.013583295913785362	0.0014593623709025594	0.0010103277952402336	0.05893578805568029	1.122586439155815E-4	0.0028064660978895377	0.027503367759317467	0.076448136506511	1.122586439155815E-4	0.0037045352492141893	0.2062191288729232	0.13796587337224966	0.19813650651100134	0.00819488100583745
30	file:/C:/Users/papacharlie/code/SteamyReviews/./data/cut_reviews/108710	0.11025917926565874	0.004859611231101512	0.07915766738660907	0.011339092872570195	1.0799136069114471E-4	0.0074514038876889845	1.0799136069114471E-4	1.0799136069114471E-4	5.399568034557236E-4	0.030345572354211665	5.399568034557236E-4	1.0799136069114471E-4	0.2212742980561555	0.015226781857451403	0.14870410367170625	0.036393088552915766	1.0799136069114471E-4	0.28304535637149025	0.0074514038876889845	0.04287257019438445
31	file:/C:/Users/papacharlie/code/SteamyReviews/./data/cut_reviews/108800	0.11539373814041745	0.009131878557874763	0.005811195445920303	5.929791271347248E-4	0.006759962049335863	0.004388045540796964	0.03000474383301708	0.003913662239089184	0.012926944971537001	0.20694971537001897	0.005336812144212524	1.1859582542694497E-4	0.02146584440227704	1.1859582542694497E-4	0.0034392789373814043	0.21501423149905124	0.010555028462998103	0.33882827324478176	0.0034392789373814043	0.005811195445920303
32	file:/C:/Users/papacharlie/code/SteamyReviews/./data/cut_reviews/109400	0.3371794871794872	1.1655011655011655E-4	0.013636363636363636	1.1655011655011655E-4	1.1655011655011655E-4	0.045804195804195806	1.1655011655011655E-4	0.006643356643356644	1.1655011655011655E-4	0.11293706293706293	5.827505827505828E-4	0.38752913752913754	1.1655011655011655E-4	0.01317016317016317	1.1655011655011655E-4	0.010839160839160839	0.009906759906759906	0.053263403263403265	1.1655011655011655E-4	0.007575757575757576
33	file:/C:/Users/papacharlie/code/SteamyReviews/./data/cut_reviews/109600	0.25626181474480153	0.0015359168241965973	1.1814744801512288E-4	1.1814744801512288E-4	0.0010633270321361058	1.1814744801512288E-4	1.1814744801512288E-4	1.1814744801512288E-4	0.14851134215500944	0.0010633270321361058	1.1814744801512288E-4	0.38386105860113423	0.0010633270321361058	0.009097353497164461	1.1814744801512288E-4	5.907372400756144E-4	0.04312381852551985	0.15229206049149338	1.1814744801512288E-4	5.907372400756144E-4
34	file:/C:/Users/papacharlie/code/SteamyReviews/./data/cut_reviews/110800	0.21469773880941392	1.1536686663590217E-4	5.768343331795108E-4	0.05964467005076142	1.1536686663590217E-4	0.00796031379787725	1.1536686663590217E-4	1.1536686663590217E-4	1.1536686663590217E-4	0.03380249192431933	1.1536686663590217E-4	5.768343331795108E-4	1.1536686663590217E-4	0.07671896631287495	0.23823257960313798	0.14178587909552376	5.768343331795108E-4	0.21239040147669588	0.001961236732810337	0.010267651130595292
35	file:/C:/Users/papacharlie/code/SteamyReviews/./data/cut_reviews/111900	0.28086272640610105	0.004408960915157293	1.1916110581506196E-4	0.003455672068636797	1.1916110581506196E-4	0.06875595805529075	0.008222116301239275	0.00917540514775977	0.12881315538608198	0.004408960915157293	0.01584842707340324	0.24320781696854146	0.005362249761677788	0.021568160152526217	1.1916110581506196E-4	0.05636320305052431	0.03014775977121068	0.11832697807435653	5.958055290753099E-4	1.1916110581506196E-4
36	file:/C:/Users/papacharlie/code/SteamyReviews/./data/cut_reviews/113020	0.12367788461538462	0.0025240384615384617	0.0025240384615384617	1.201923076923077E-4	0.005889423076923077	0.10877403846153846	0.18233173076923076	0.01935096153846154	0.004927884615384615	0.07175480769230769	0.0034855769230769233	6.009615384615385E-4	0.03569711538461538	0.13521634615384615	0.03858173076923077	0.034735576923076925	6.009615384615385E-4	0.20060096153846155	1.201923076923077E-4	0.028485576923076922
37	file:/C:/Users/papacharlie/code/SteamyReviews/./data/cut_reviews/113200	0.19336303939962476	1.1726078799249531E-4	0.1652204502814259	1.1726078799249531E-4	1.1726078799249531E-4	0.02075515947467167	0.1919559099437148	1.1726078799249531E-4	0.1248827392120075	1.1726078799249531E-4	1.1726078799249531E-4	0.003869606003752345	0.01700281425891182	0.08829737335834897	1.1726078799249531E-4	1.1726078799249531E-4	0.0010553470919324578	0.16428236397748594	0.014657598499061914	0.013719512195121951
38	file:/C:/Users/papacharlie/code/SteamyReviews/./data/cut_reviews/113400	0.28475582930048393	0.0031896172459304883	1.0998680158380995E-4	0.06478222613286405	0.0014298284205895293	1.0998680158380995E-4	0.005829300483941927	0.008029036515618126	1.0998680158380995E-4	0.11537615486141663	5.499340079190497E-4	0.2891553013638363	1.0998680158380995E-4	0.026066871975362955	1.0998680158380995E-4	0.002309722833260009	0.03970523537175539	0.15717113946326441	1.0998680158380995E-4	9.898812142542894E-4
39	file:/C:/Users/papacharlie/code/SteamyReviews/./data/cut_reviews/113420	0.2651730678046468	0.0015410146989094358	1.1853959222380275E-4	0.030938833570412518	0.015765765765765764	1.1853959222380275E-4	1.1853959222380275E-4	0.0024893314366998577	0.11296823138928402	0.04184447605500237	1.1853959222380275E-4	0.24905168326220958	0.007705073494547179	0.03615457562825984	0.011024182076813657	1.1853959222380275E-4	0.02240398293029872	0.15659080132764344	0.04563774300616406	1.1853959222380275E-4
40	file:/C:/Users/papacharlie/code/SteamyReviews/./data/cut_reviews/11390	0.3691874694077337	0.0020802741067058247	0.004527655408712678	0.27080274106705826	0.0025697503671071953	0.0241067058247675	0.054454233969652474	1.2236906510034264E-4	1.2236906510034264E-4	0.05641213901125795	6.118453255017131E-4	1.2236906510034264E-4	6.118453255017131E-4	0.020680372001957905	0.031448849730788056	0.07501223690651003	0.0011013215859030838	0.08578071463534019	1.2236906510034264E-4	1.2236906510034264E-4
41	file:/C:/Users/papacharlie/code/SteamyReviews/./data/cut_reviews/11450	0.15491452991452992	0.03715574548907882	0.017687559354226022	5.935422602089269E-4	1.1870845204178538E-4	5.935422602089269E-4	0.030508072174738842	1.1870845204178538E-4	0.35529439696106363	0.02718423551756885	0.01103988603988604	1.1870845204178538E-4	0.01103988603988604	0.06137226970560304	0.038105413105413107	0.03952991452991453	5.935422602089269E-4	0.20334757834757836	0.006291547958214625	0.0043922127255460585
42	file:/C:/Users/papacharlie/code/SteamyReviews/./data/cut_reviews/115100	0.09961900493052443	1.1205737337516809E-4	0.03776333482743165	1.1205737337516809E-4	1.1205737337516809E-4	1.1205737337516809E-4	0.11172120125504258	1.1205737337516809E-4	0.328664276109368	0.0019049753473778575	1.1205737337516809E-4	1.1205737337516809E-4	0.022075302554908114	0.07631107126848946	0.05210667861945316	0.07451815329448677	1.1205737337516809E-4	0.18164500224114746	0.012662483191393993	1.1205737337516809E-4
43	file:/C:/Users/papacharlie/code/SteamyReviews/./data/cut_reviews/115110	0.09119423791821561	1.1617100371747211E-4	0.010339219330855019	0.00383364312267658	1.1617100371747211E-4	5.808550185873606E-4	0.1390566914498141	1.1617100371747211E-4	1.1617100371747211E-4	0.0024395910780669145	0.002904275092936803	1.1617100371747211E-4	0.012197955390334572	0.20225371747211895	0.22548791821561337	0.04426115241635688	0.0024395910780669145	0.2612685873605948	0.001045539033457249	1.1617100371747211E-4
44	file:/C:/Users/papacharlie/code/SteamyReviews/./data/cut_reviews/115120	0.21052041274113953	0.011776581426648721	1.1215791834903544E-4	0.0023553162853297443	0.00863615971287573	0.11496186630776133	0.02344100493494841	0.048115746971736206	0.06920143562135486	0.2199416778824585	0.06292059219380888	0.010879318079856438	0.0019066846119336026	0.0037012113055181696	0.013571108120233289	0.020749214894571558	0.05394795872588605	0.12079407806191117	5.607895917451772E-4	0.0019066846119336026
45	file:/C:/Users/papacharlie/code/SteamyReviews/./data/cut_reviews/115320	0.21224146224146223	1.2025012025012025E-4	0.049663299663299666	0.013588263588263589	6.012506012506013E-4	1.2025012025012025E-4	0.0025252525252525255	0.030904280904280903	0.03186628186628187	0.06746031746031746	1.2025012025012025E-4	1.2025012025012025E-4	0.015993265993265993	0.04822029822029822	1.2025012025012025E-4	0.32287157287157287	0.016955266955266956	0.1853054353054353	1.2025012025012025E-4	0.0010822510822510823
46	file:/C:/Users/papacharlie/code/SteamyReviews/./data/cut_reviews/115800	0.19974105461393596	1.1770244821092278E-4	0.1498352165725047	0.005296610169491525	5.885122410546139E-4	0.010946327683615819	0.045315442561205274	1.1770244821092278E-4	0.013771186440677966	1.1770244821092278E-4	1.1770244821092278E-4	1.1770244821092278E-4	1.1770244821092278E-4	1.1770244821092278E-4	0.19550376647834275	0.01895009416195857	1.1770244821092278E-4	0.3428672316384181	1.1770244821092278E-4	0.01612523540489642
47	file:/C:/Users/papacharlie/code/SteamyReviews/./data/cut_reviews/11610	0.2158029878618114	1.1671335200746966E-4	0.029061624649859945	1.1671335200746966E-4	1.1671335200746966E-4	0.011321195144724556	5.835667600373483E-4	0.005252100840336135	0.18312324929971988	0.001984126984126984	1.1671335200746966E-4	0.2876984126984127	5.835667600373483E-4	0.010854341736694677	1.1671335200746966E-4	0.012721755368814192	1.1671335200746966E-4	0.2064659197012138	1.1671335200746966E-4	0.03373015873015873
48	file:/C:/Users/papacharlie/code/SteamyReviews/./data/cut_reviews/1200	0.19975544686527347	0.11927523343708314	1.1116051578479324E-4	0.016562916851934194	0.0010004446420631393	0.08992885726989773	0.009448643841707426	0.01878612716763006	1.1116051578479324E-4	0.35582481102712316	1.1116051578479324E-4	0.002334370831480658	1.1116051578479324E-4	1.1116051578479324E-4	0.002779012894619831	5.558025789239662E-4	0.001889728768341485	0.17530013339261893	0.0058915073365940415	1.1116051578479324E-4
49	file:/C:/Users/papacharlie/code/SteamyReviews/./data/cut_reviews/12100	0.19402829796088222	0.007594673325010404	0.005513940907199334	0.10372451102788181	1.0403662089055348E-4	1.0403662089055348E-4	0.0038493549729504786	1.0403662089055348E-4	9.363295880149813E-4	0.0375572201414898	0.0038493549729504786	1.0403662089055348E-4	0.0030170620058260506	0.17488555971702038	0.004265501456512693	0.24812734082397003	0.01466916354556804	0.1815439034540158	0.008010819808572617	0.008010819808572617
50	file:/C:/Users/papacharlie/code/SteamyReviews/./data/cut_reviews/12110	0.15577835273824925	0.010457093574816731	0.007438551099611902	0.09626994394135403	0.0014014661492022424	0.008732212160413972	1.0780508840017249E-4	0.0026951272100043124	1.0780508840017249E-4	0.05961621388529539	0.0026951272100043124	1.0780508840017249E-4	9.702457956015524E-4	0.25582147477360934	0.03633031479085813	0.22779215178956447	0.006144890038809832	0.12171194480379474	0.005713669685209142	1.0780508840017249E-4
51	file:/C:/Users/papacharlie/code/SteamyReviews/./data/cut_reviews/12120	0.26913496376811596	1.1322463768115942E-4	1.1322463768115942E-4	0.051743659420289856	0.003283514492753623	5.661231884057971E-4	0.005095108695652174	0.029098731884057972	0.002377717391304348	0.01596467391304348	0.006453804347826087	0.003283514492753623	1.1322463768115942E-4	0.2134284420289855	1.1322463768115942E-4	0.2573596014492754	0.06985960144927536	0.07167119565217392	1.1322463768115942E-4	1.1322463768115942E-4
52	file:/C:/Users/papacharlie/code/SteamyReviews/./data/cut_reviews/12130	0.17984581497797356	0.002312775330396476	0.02566079295154185	5.506607929515419E-4	1.1013215859030837E-4	5.506607929515419E-4	5.506607929515419E-4	0.03094713656387665	1.1013215859030837E-4	0.07676211453744493	1.1013215859030837E-4	0.0014317180616740088	0.08733480176211454	0.16354625550660792	0.02213656387665198	0.2023127753303965	0.0027533039647577094	0.20275330396475771	1.1013215859030837E-4	1.1013215859030837E-4
53	file:/C:/Users/papacharlie/code/SteamyReviews/./data/cut_reviews/12140	0.22284345047923323	0.0023961661341853034	0.042560474669100866	0.00878594249201278	0.0019397535371976267	0.006960292104062072	0.001026928343222273	0.009698767685988133	1.1410314924691921E-4	0.08363760839799178	1.1410314924691921E-4	0.001026928343222273	0.027498858968507532	0.04712460063897764	0.08089913281606573	0.26437699680511184	1.1410314924691921E-4	0.18496120492925605	1.1410314924691921E-4	0.013806481058877225
54	file:/C:/Users/papacharlie/code/SteamyReviews/./data/cut_reviews/12150	0.08336947094535993	1.0841283607979184E-4	0.030897658282740676	0.004444926279271465	1.0841283607979184E-4	5.420641803989592E-4	0.01745446660884649	0.004011274934952298	1.0841283607979184E-4	0.08293581960104077	5.420641803989592E-4	0.002710320901994796	0.025693842150910667	0.05691673894189072	0.07382914137033825	0.38345620121422375	0.0018430182133564615	0.20305724197745012	0.00704683434518647	0.020923677363399826
55	file:/C:/Users/papacharlie/code/SteamyReviews/./data/cut_reviews/12200	0.19499783456041578	0.006604590731918579	0.03648765699436986	0.030857514075357296	0.0048722390645301	0.008770030316154179	0.026526634906886098	1.0827197921177999E-4	0.056842789086184495	0.01829796448679082	1.0827197921177999E-4	0.00357297531398874	0.013100909484625379	0.2655911650064963	0.00833694239930706	0.13003464703334777	1.0827197921177999E-4	0.13090082286704202	0.0022737115634473798	0.06160675617150282
56	file:/C:/Users/papacharlie/code/SteamyReviews/./data/cut_reviews/12210	0.2694521178637201	0.0010359116022099447	1.1510128913443831E-4	0.04523480662983426	1.1510128913443831E-4	0.03970994475138122	1.1510128913443831E-4	0.2593232044198895	1.1510128913443831E-4	0.0051795580110497235	1.1510128913443831E-4	1.1510128913443831E-4	1.1510128913443831E-4	0.12672651933701656	1.1510128913443831E-4	0.14744475138121546	0.03050184162062615	0.06411141804788213	0.0019567219152854514	0.008402394106813996
57	file:/C:/Users/papacharlie/code/SteamyReviews/./data/cut_reviews/12220	0.26234702797202797	0.0027316433566433565	1.0926573426573427E-4	0.06392045454545454	1.0926573426573427E-4	1.0926573426573427E-4	5.463286713286714E-4	0.12729458041958042	9.833916083916085E-4	0.05386800699300699	0.0018575174825174825	0.005791083916083916	0.009287587412587412	0.15657779720279721	1.0926573426573427E-4	0.16750437062937062	0.01409527972027972	0.07222465034965035	9.833916083916085E-4	0.059549825174825176
58	file:/C:/Users/papacharlie/code/SteamyReviews/./data/cut_reviews/12320	0.15144787644787644	0.00781853281853282	0.0012548262548262548	9.652509652509652E-5	9.652509652509652E-5	0.048745173745173745	4.8262548262548264E-4	0.045656370656370654	0.3611003861003861	0.010907335907335907	8.687258687258687E-4	0.002799227799227799	4.8262548262548264E-4	9.652509652509652E-5	0.030212355212355213	0.11476833976833976	0.030984555984555986	0.1861969111969112	0.005888030888030888	9.652509652509652E-5
59	file:/C:/Users/papacharlie/code/SteamyReviews/./data/cut_reviews/12360	0.33695652173913043	0.0020305781175346395	1.1944577161968466E-4	0.2562111801242236	1.1944577161968466E-4	0.12529861442904922	0.04025322503583373	0.10714285714285714	0.003463927376970855	1.1944577161968466E-4	1.1944577161968466E-4	5.972288580984234E-4	0.001075011944577162	0.0020305781175346395	0.001075011944577162	0.06987577639751552	1.1944577161968466E-4	0.052675585284280936	5.972288580984234E-4	1.1944577161968466E-4
60	file:/C:/Users/papacharlie/code/SteamyReviews/./data/cut_reviews/1250	0.15627812781278128	0.008663366336633664	0.0019126912691269126	0.0019126912691269126	0.0010126012601260127	0.11172367236723672	0.034315931593159314	5.625562556255626E-4	0.07301980198019802	0.2746399639963996	1.125112511251125E-4	0.08742124212421241	0.008213321332133214	0.023514851485148515	0.0010126012601260127	0.010463546354635464	0.026665166516651666	0.17743024302430244	0.0010126012601260127	1.125112511251125E-4
61	file:/C:/Users/papacharlie/code/SteamyReviews/./data/cut_reviews/12750	0.18983644859813084	0.002453271028037383	5.841121495327102E-4	0.39824766355140184	1.1682242990654206E-4	0.1183411214953271	0.05759345794392523	0.006658878504672897	1.1682242990654206E-4	0.0010514018691588785	5.841121495327102E-4	0.006658878504672897	1.1682242990654206E-4	1.1682242990654206E-4	1.1682242990654206E-4	0.0010514018691588785	0.02441588785046729	0.18936915887850467	0.0010514018691588785	0.0015186915887850467
62	file:/C:/Users/papacharlie/code/SteamyReviews/./data/cut_reviews/12810	0.15856164383561644	0.04668949771689498	0.012899543378995433	1.1415525114155251E-4	0.004223744292237443	1.1415525114155251E-4	0.013356164383561644	1.1415525114155251E-4	0.2622146118721461	0.017465753424657535	5.707762557077625E-4	5.707762557077625E-4	0.019748858447488585	0.08321917808219179	0.03801369863013699	0.07636986301369864	0.002397260273972603	0.2384703196347032	0.024771689497716895	1.1415525114155251E-4
63	file:/C:/Users/papacharlie/code/SteamyReviews/./data/cut_reviews/12830	0.2494131455399061	0.022652582159624412	1.1737089201877934E-4	0.03814553990610329	0.0015258215962441314	0.03532863849765258	1.1737089201877934E-4	0.011854460093896714	1.1737089201877934E-4	0.33767605633802816	1.1737089201877934E-4	0.010446009389671362	0.001995305164319249	0.013732394366197184	1.1737089201877934E-4	0.07711267605633802	0.032981220657276995	0.15176056338028168	0.010915492957746478	0.0038732394366197184
64	file:/C:/Users/papacharlie/code/SteamyReviews/./data/cut_reviews/12900	0.15020964360587002	1.0482180293501048E-4	0.0013626834381551363	0.023165618448637317	0.008071278825995808	0.08941299790356394	0.46761006289308177	0.027777777777777776	0.005974842767295598	9.433962264150943E-4	0.0013626834381551363	0.003459119496855346	0.003039832285115304	0.024842767295597486	5.241090146750524E-4	0.010587002096436059	0.014779874213836478	0.1648846960167715	1.0482180293501048E-4	0.0017819706498951782
65	file:/C:/Users/papacharlie/code/SteamyReviews/./data/cut_reviews/130	0.18606415257910708	0.010511486779367144	0.008777633289986996	1.0836584308625921E-4	0.0018422193324664066	9.752925877763329E-4	0.009211096662332033	1.0836584308625921E-4	1.0836584308625921E-4	0.07899869960988297	0.36551798872995234	1.0836584308625921E-4	0.01527958387516255	0.0022756827048114434	0.07726484612050281	0.0499566536627655	9.752925877763329E-4	0.19083224967490248	9.752925877763329E-4	1.0836584308625921E-4
66	file:/C:/Users/papacharlie/code/SteamyReviews/./data/cut_reviews/13140	0.2820996978851964	0.054003021148036255	6.294058408862034E-4	0.0026435045317220545	1.2588116817724068E-4	0.1315458207452165	1.2588116817724068E-4	1.2588116817724068E-4	1.2588116817724068E-4	0.28914904330312186	6.294058408862034E-4	0.024798590130916415	1.2588116817724068E-4	0.027316213494461228	1.2588116817724068E-4	1.2588116817724068E-4	0.05349949647532729	0.13255287009063443	1.2588116817724068E-4	1.2588116817724068E-4
67	file:/C:/Users/papacharlie/code/SteamyReviews/./data/cut_reviews/13210	0.1945208619899129	0.0019486474094452086	0.008826226501604768	0.009284731774415406	0.009284731774415406	0.1958963778083448	0.0276249426868409	0.0033241632278771206	1.1462631820265933E-4	0.2724667583677212	0.003782668500687758	0.013411279229711142	5.731315910132966E-4	0.030375974323704723	0.019371847776249427	0.06384685923888125	0.0069922054103622195	0.13537368179734066	1.1462631820265933E-4	0.002865657955066483
68	file:/C:/Users/papacharlie/code/SteamyReviews/./data/cut_reviews/13230	0.13114194722474978	0.0032984531392174703	0.015582347588717016	0.011032757051865332	0.0037534121929026385	0.2084849863512284	0.02786624203821656	0.029686078252957233	0.005118289353958144	0.2739990900818926	5.686988171064604E-4	0.0037534121929026385	0.001478616924476797	0.023316651501364877	1.1373976342129209E-4	0.10702911737943585	0.02058689717925387	0.13159690627843493	1.1373976342129209E-4	0.001478616924476797
69	file:/C:/Users/papacharlie/code/SteamyReviews/./data/cut_reviews/13240	0.1394274120829576	0.0010144274120829576	0.01003155996393147	5.63570784490532E-4	0.02130297565374211	0.19623534715960325	0.038886384129846706	1.127141568981064E-4	5.63570784490532E-4	0.3103020739404869	5.63570784490532E-4	1.127141568981064E-4	1.127141568981064E-4	0.051961226330027054	1.127141568981064E-4	0.05556807935076646	0.009580703336339045	0.16287195671776375	5.63570784490532E-4	1.127141568981064E-4
70	file:/C:/Users/papacharlie/code/SteamyReviews/./data/cut_reviews/13520	0.2012337057728119	5.819366852886406E-4	0.015945065176908753	0.016410614525139665	1.1638733705772812E-4	1.1638733705772812E-4	0.03317039106145252	0.012686219739292365	5.819366852886406E-4	0.21054469273743018	0.09369180633147113	0.005702979515828678	0.026187150837988827	0.0024441340782122905	0.032239292364990686	0.12302141527001863	0.007099627560521416	0.16073091247672253	0.05691340782122905	5.819366852886406E-4
71	file:/C:/Users/papacharlie/code/SteamyReviews/./data/cut_reviews/13560	0.15751649387370406	0.02273798303487276	5.89066918001885E-4	0.006244109330819981	0.001060320452403393	0.0043590951932139495	0.05855325164938737	0.004830348727615457	1.17813383600377E-4	0.12217247879359096	5.89066918001885E-4	1.17813383600377E-4	0.06939208294062206	0.02273798303487276	0.002474081055607917	0.28098491988689916	1.17813383600377E-4	0.242813383600377	0.002474081055607917	1.17813383600377E-4
72	file:/C:/Users/papacharlie/code/SteamyReviews/./data/cut_reviews/13570	0.1332957110609481	1.128668171557562E-4	0.008690744920993228	5.64334085778781E-4	5.64334085778781E-4	0.06512415349887134	0.017720090293453724	0.006884875846501128	0.0019187358916478556	0.10530474040632054	5.64334085778781E-4	1.128668171557562E-4	0.08589164785553047	0.04255079006772009	1.128668171557562E-4	0.2520316027088036	1.128668171557562E-4	0.2732505643340858	1.128668171557562E-4	0.005079006772009029
73	file:/C:/Users/papacharlie/code/SteamyReviews/./data/cut_reviews/13580	0.3547722868217054	1.2112403100775194E-4	0.014656007751937985	1.2112403100775194E-4	1.2112403100775194E-4	1.2112403100775194E-4	0.013687015503875969	0.012233527131782945	1.2112403100775194E-4	0.04130329457364341	1.2112403100775194E-4	1.2112403100775194E-4	0.03403585271317829	0.0010901162790697674	6.056201550387597E-4	0.38771802325581395	0.011749031007751938	0.12657461240310078	6.056201550387597E-4	1.2112403100775194E-4
74	file:/C:/Users/papacharlie/code/SteamyReviews/./data/cut_reviews/13600	0.18538930581613508	0.003400562851782364	0.23698405253283303	1.1726078799249531E-4	1.1726078799249531E-4	1.1726078799249531E-4	0.06672138836772983	0.003869606003752345	1.1726078799249531E-4	0.003869606003752345	0.003400562851782364	1.1726078799249531E-4	0.003400562851782364	0.013719512195121951	0.08689024390243902	0.15443245778611633	5.863039399624766E-4	0.23557692307692307	0.0010553470919324578	1.1726078799249531E-4
75	file:/C:/Users/papacharlie/code/SteamyReviews/./data/cut_reviews/1510	0.1889160373167481	1.1106175033318525E-4	1.1106175033318525E-4	0.006774766770324301	0.010328742780986229	9.995557529986672E-4	0.02898711683696135	0.2146823633940471	0.030319857840959575	1.1106175033318525E-4	1.1106175033318525E-4	0.08762772101288316	0.021434917814304753	0.07741003998223012	0.012105730786317192	0.052087960906263886	0.029875610839626834	0.23733896046201688	5.553087516659262E-4	1.1106175033318525E-4
76	file:/C:/Users/papacharlie/code/SteamyReviews/./data/cut_reviews/15100	0.1775262917238226	0.0257201646090535	0.07556012802926383	0.006058527663465935	1.1431184270690443E-4	1.1431184270690443E-4	1.1431184270690443E-4	0.0019433013260173753	0.0051440329218107	0.04492455418381344	1.1431184270690443E-4	1.1431184270690443E-4	0.005601280292638317	0.04583904892546868	0.032578875171467764	0.260745313214449	0.004686785550983082	0.29000914494741653	0.01748971193415638	0.005601280292638317
77	file:/C:/Users/papacharlie/code/SteamyReviews/./data/cut_reviews/15120	0.23244257950530034	1.1042402826855124E-4	1.1042402826855124E-4	9.93816254416961E-4	1.1042402826855124E-4	0.11936837455830389	0.00806095406360424	0.008502650176678445	0.01601148409893993	0.3150397526501767	1.1042402826855124E-4	0.01866166077738516	0.0036439929328621907	0.04339664310954064	1.1042402826855124E-4	0.07431537102473498	1.1042402826855124E-4	0.14454505300353357	0.0036439929328621907	0.01071113074204947
78	file:/C:/Users/papacharlie/code/SteamyReviews/./data/cut_reviews/15130	0.1738725693007861	0.007136946628051304	0.09609019445593711	0.017480347538270585	0.03196110881257758	9.309060819197352E-4	0.009205626810095159	1.034340091021928E-4	0.01954902772031444	1.034340091021928E-4	5.17170045510964E-4	1.034340091021928E-4	0.01623913942904427	0.04064956557716177	0.13539511791477038	0.23758791890773687	0.011688043028547786	0.1879395945386843	0.005895738518824989	0.007550682664460074
79	file:/C:/Users/papacharlie/code/SteamyReviews/./data/cut_reviews/1520	0.16394312393887947	0.33117572156196945	9.550084889643464E-4	0.020055178268251272	0.038306451612903226	5.305602716468591E-4	0.03321307300509338	0.004350594227504245	1.0611205432937182E-4	0.03109083191850594	9.550084889643464E-4	0.010717317487266554	0.05952886247877759	0.10070033955857385	0.005199490662139219	0.0030772495755517827	9.550084889643464E-4	0.1894100169779287	0.0022283531409168084	0.00350169779286927
80	file:/C:/Users/papacharlie/code/SteamyReviews/./data/cut_reviews/15320	0.1969016083254494	0.1065515610217597	5.912961210974456E-4	0.2437322611163671	1.1825922421948912E-4	0.07107379375591297	0.020931882686849573	0.004848628192999054	1.1825922421948912E-4	0.03464995269631031	1.1825922421948912E-4	1.1825922421948912E-4	1.1825922421948912E-4	0.037488174077578054	0.002010406811731315	0.060193945127719965	0.08763008514664143	0.1325685903500473	1.1825922421948912E-4	1.1825922421948912E-4
